{
  "method": "pearson",
  "labels": [
    "popularity",
    "danceability",
    "energy",
    "loudness",
    "valence",
    "acousticness",
    "instrumentalness",
    "speechiness",
    "liveness",
    "tempo",
    "duration_min",
    "explicit",
    "mode",
    "time_signature",
    "key"
  ],
  "matrix": [
    [
      1.0,
      0.096,
      0.006,
      0.101,
      0.021,
      -0.043,
      -0.188,
      -0.07,
      -0.036,
      0.001,
      -0.056,
      0.065,
      -0.004,
      0.048,
      0.003
    ],
    [
      0.096,
      1.0,
      0.135,
      0.265,
      0.492,
      -0.168,
      -0.192,
      0.108,
      -0.133,
      -0.034,
      -0.06,
      0.111,
      -0.059,
      0.169,
      0.033
    ],
    [
      0.006,
      0.135,
      1.0,
      0.761,
      0.254,
      -0.731,
      -0.186,
      0.14,
      0.191,
      0.252,
      0.058,
      0.102,
      -0.07,
      0.161,
      0.043
    ],
    [
      0.101,
      0.265,
      0.761,
      1.0,
      0.289,
      -0.582,
      -0.434,
      0.054,
      0.081,
      0.221,
      0.002,
      0.107,
      -0.036,
      0.163,
      0.034
    ],
    [
      0.021,
      0.492,
      0.254,
      0.289,
      1.0,
      -0.102,
      -0.332,
      0.035,
      0.015,
      0.084,
      -0.141,
      -0.001,
      0.024,
      0.112,
      0.024
    ],
    [
      -0.043,
      -0.168,
      -0.731,
      -0.582,
      -0.102,
      1.0,
      0.095,
      0.012,
      -0.016,
      -0.223,
      -0.106,
      -0.084,
      0.084,
      -0.176,
      -0.042
    ],
    [
      -0.188,
      -0.192,
      -0.186,
      -0.434,
      -0.332,
      0.095,
      1.0,
      -0.107,
      -0.097,
      -0.051,
      0.11,
      -0.116,
      -0.05,
      -0.065,
      -0.004
    ],
    [
      -0.07,
      0.108,
      0.14,
      0.054,
      0.035,
      0.012,
      -0.107,
      1.0,
      0.232,
      -0.008,
      -0.064,
      0.337,
      -0.036,
      -0.025,
      0.013
    ],
    [
      -0.036,
      -0.133,
      0.191,
      0.081,
      0.015,
      -0.016,
      -0.097,
      0.232,
      1.0,
      -0.002,
      0.006,
      0.045,
      0.018,
      -0.015,
      -0.003
    ],
    [
      0.001,
      -0.034,
      0.252,
      0.221,
      0.084,
      -0.223,
      -0.051,
      -0.008,
      -0.002,
      1.0,
      0.022,
      -0.008,
      -0.001,
      0.027,
      0.006
    ],
    [
      -0.056,
      -0.06,
      0.058,
      0.002,
      -0.141,
      -0.106,
      0.11,
      -0.064,
      0.006,
      0.022,
      1.0,
      -0.067,
      -0.036,
      0.015,
      0.012
    ],
    [
      0.065,
      0.111,
      0.102,
      0.107,
      -0.001,
      -0.084,
      -0.116,
      0.337,
      0.045,
      -0.008,
      -0.067,
      1.0,
      -0.028,
      0.034,
      0.002
    ],
    [
      -0.004,
      -0.059,
      -0.07,
      -0.036,
      0.024,
      0.084,
      -0.05,
      -0.036,
      0.018,
      -0.001,
      -0.036,
      -0.028,
      1.0,
      -0.023,
      -0.145
    ],
    [
      0.048,
      0.169,
      0.161,
      0.163,
      0.112,
      -0.176,
      -0.065,
      -0.025,
      -0.015,
      0.027,
      0.015,
      0.034,
      -0.023,
      1.0,
      0.016
    ],
    [
      0.003,
      0.033,
      0.043,
      0.034,
      0.024,
      -0.042,
      -0.004,
      0.013,
      -0.003,
      0.006,
      0.012,
      0.002,
      -0.145,
      0.016,
      1.0
    ]
  ]
}