{
  "heatmap": {
    "labels": [
      "acoustic",
      "british",
      "country",
      "emo",
      "electronic",
      "garage",
      "funk",
      "disco",
      "samba",
      "rock-n-roll",
      "rock",
      "sertanejo",
      "metalcore",
      "mpb",
      "pagode",
      "mandopop",
      "j-rock",
      "industrial",
      "indie-pop",
      "techno",
      "swedish",
      "r-n-b",
      "punk-rock",
      "sad",
      "sleep",
      "ska",
      "reggae",
      "reggaeton",
      "synth-pop",
      "tango"
    ],
    "matrix": [
      [
        1.0,
        0.82,
        0.493,
        -0.17,
        -0.356,
        -0.562,
        -0.004,
        -0.364,
        -0.259,
        0.468,
        -0.035,
        -0.365,
        -0.55,
        -0.018,
        -0.318,
        0.884,
        -0.459,
        -0.786,
        0.796,
        -0.369,
        0.39,
        -0.14,
        -0.593,
        0.625,
        0.247,
        -0.629,
        -0.287,
        -0.259,
        -0.315,
        0.702
      ],
      [
        0.82,
        1.0,
        0.208,
        -0.488,
        -0.404,
        -0.332,
        -0.398,
        -0.555,
        -0.346,
        0.289,
        -0.188,
        -0.498,
        -0.457,
        -0.154,
        -0.417,
        0.654,
        -0.515,
        -0.638,
        0.415,
        -0.21,
        -0.003,
        -0.463,
        -0.597,
        0.31,
        0.632,
        -0.716,
        -0.638,
        -0.603,
        -0.435,
        0.598
      ],
      [
        0.493,
        0.208,
        1.0,
        0.428,
        -0.224,
        0.183,
        0.288,
        0.363,
        -0.135,
        0.501,
        0.826,
        -0.108,
        -0.059,
        0.017,
        -0.131,
        0.551,
        0.462,
        -0.155,
        0.693,
        -0.376,
        0.867,
        0.346,
        0.334,
        0.039,
        -0.51,
        0.261,
        0.29,
        0.284,
        0.5,
        0.128
      ],
      [
        -0.17,
        -0.488,
        0.428,
        1.0,
        0.484,
        0.29,
        0.354,
        0.313,
        -0.388,
        -0.376,
        0.65,
        -0.165,
        0.496,
        -0.361,
        -0.279,
        0.179,
        0.553,
        0.478,
        0.296,
        0.237,
        0.364,
        0.061,
        0.53,
        0.017,
        -0.737,
        0.294,
        0.467,
        0.486,
        0.446,
        -0.641
      ],
      [
        -0.356,
        -0.404,
        -0.224,
        0.484,
        1.0,
        0.049,
        0.073,
        0.212,
        -0.506,
        -0.774,
        0.028,
        -0.315,
        0.222,
        -0.532,
        -0.417,
        -0.113,
        -0.027,
        0.485,
        0.033,
        0.888,
        -0.177,
        -0.394,
        0.038,
        0.1,
        -0.339,
        -0.085,
        0.32,
        0.368,
        0.276,
        -0.694
      ],
      [
        -0.562,
        -0.332,
        0.183,
        0.29,
        0.049,
        1.0,
        -0.303,
        0.207,
        -0.05,
        -0.233,
        0.627,
        0.113,
        0.73,
        -0.181,
        0.064,
        -0.345,
        0.853,
        0.792,
        -0.496,
        0.161,
        -0.083,
        0.0,
        0.87,
        -0.912,
        -0.26,
        0.597,
        -0.034,
        -0.051,
        0.367,
        -0.597
      ],
      [
        -0.004,
        -0.398,
        0.288,
        0.354,
        0.073,
        -0.303,
        1.0,
        0.686,
        0.1,
        0.308,
        0.243,
        -0.01,
        -0.359,
        0.022,
        -0.029,
        -0.159,
        0.017,
        -0.229,
        0.447,
        -0.235,
        0.661,
        0.549,
        -0.021,
        0.426,
        -0.703,
        0.319,
        0.894,
        0.902,
        0.516,
        0.078
      ],
      [
        -0.364,
        -0.555,
        0.363,
        0.313,
        0.212,
        0.207,
        0.686,
        1.0,
        0.188,
        0.258,
        0.545,
        0.156,
        -0.145,
        0.078,
        0.135,
        -0.448,
        0.408,
        0.18,
        0.124,
        0.038,
        0.626,
        0.622,
        0.447,
        -0.101,
        -0.787,
        0.744,
        0.899,
        0.878,
        0.934,
        -0.263
      ],
      [
        -0.259,
        -0.346,
        -0.135,
        -0.388,
        -0.506,
        -0.05,
        0.1,
        0.188,
        1.0,
        0.533,
        -0.208,
        0.934,
        -0.053,
        0.944,
        0.965,
        -0.41,
        0.156,
        -0.093,
        -0.362,
        -0.583,
        0.069,
        0.761,
        0.174,
        -0.23,
        0.049,
        0.527,
        0.136,
        0.045,
        -0.031,
        0.342
      ],
      [
        0.468,
        0.289,
        0.501,
        -0.376,
        -0.774,
        -0.233,
        0.308,
        0.258,
        0.533,
        1.0,
        0.144,
        0.347,
        -0.581,
        0.59,
        0.434,
        0.161,
        -0.017,
        -0.666,
        0.326,
        -0.776,
        0.595,
        0.7,
        -0.085,
        0.172,
        -0.077,
        0.242,
        0.152,
        0.099,
        0.121,
        0.782
      ],
      [
        -0.035,
        -0.188,
        0.826,
        0.65,
        0.028,
        0.627,
        0.243,
        0.545,
        -0.208,
        0.144,
        1.0,
        -0.099,
        0.35,
        -0.19,
        -0.155,
        0.145,
        0.809,
        0.376,
        0.3,
        -0.09,
        0.671,
        0.28,
        0.744,
        -0.368,
        -0.692,
        0.572,
        0.408,
        0.405,
        0.728,
        -0.379
      ],
      [
        -0.365,
        -0.498,
        -0.108,
        -0.165,
        -0.315,
        0.113,
        -0.01,
        0.156,
        0.934,
        0.347,
        -0.099,
        1.0,
        0.178,
        0.891,
        0.988,
        -0.361,
        0.334,
        0.128,
        -0.415,
        -0.405,
        0.0,
        0.726,
        0.359,
        -0.327,
        -0.077,
        0.594,
        0.119,
        0.024,
        -0.027,
        0.137
      ],
      [
        -0.55,
        -0.457,
        -0.059,
        0.496,
        0.222,
        0.73,
        -0.359,
        -0.145,
        -0.053,
        -0.581,
        0.35,
        0.178,
        1.0,
        -0.125,
        0.085,
        -0.159,
        0.721,
        0.89,
        -0.458,
        0.169,
        -0.271,
        -0.188,
        0.715,
        -0.713,
        -0.104,
        0.327,
        -0.159,
        -0.163,
        0.024,
        -0.732
      ],
      [
        -0.018,
        -0.154,
        0.017,
        -0.361,
        -0.532,
        -0.181,
        0.022,
        0.078,
        0.944,
        0.59,
        -0.19,
        0.891,
        -0.125,
        1.0,
        0.918,
        -0.139,
        0.08,
        -0.236,
        -0.152,
        -0.636,
        0.163,
        0.714,
        0.074,
        -0.081,
        0.126,
        0.385,
        0.033,
        -0.059,
        -0.089,
        0.434
      ],
      [
        -0.318,
        -0.417,
        -0.131,
        -0.279,
        -0.417,
        0.064,
        -0.029,
        0.135,
        0.965,
        0.434,
        -0.155,
        0.988,
        0.085,
        0.918,
        1.0,
        -0.371,
        0.262,
        0.033,
        -0.43,
        -0.463,
        -0.013,
        0.736,
        0.295,
        -0.302,
        0.0,
        0.563,
        0.07,
        -0.027,
        -0.06,
        0.237
      ],
      [
        0.884,
        0.654,
        0.551,
        0.179,
        -0.113,
        -0.345,
        -0.159,
        -0.448,
        -0.41,
        0.161,
        0.145,
        -0.361,
        -0.159,
        -0.139,
        -0.371,
        1.0,
        -0.201,
        -0.448,
        0.767,
        -0.177,
        0.326,
        -0.27,
        -0.341,
        0.481,
        0.128,
        -0.586,
        -0.339,
        -0.307,
        -0.304,
        0.367
      ],
      [
        -0.459,
        -0.515,
        0.462,
        0.553,
        -0.027,
        0.853,
        0.017,
        0.408,
        0.156,
        -0.017,
        0.809,
        0.334,
        0.721,
        0.08,
        0.262,
        -0.201,
        1.0,
        0.708,
        -0.223,
        -0.116,
        0.305,
        0.369,
        0.976,
        -0.74,
        -0.552,
        0.789,
        0.263,
        0.226,
        0.532,
        -0.536
      ],
      [
        -0.786,
        -0.638,
        -0.155,
        0.478,
        0.485,
        0.792,
        -0.229,
        0.18,
        -0.093,
        -0.666,
        0.376,
        0.128,
        0.89,
        -0.236,
        0.033,
        -0.448,
        0.708,
        1.0,
        -0.549,
        0.452,
        -0.269,
        -0.154,
        0.761,
        -0.755,
        -0.275,
        0.485,
        0.098,
        0.098,
        0.319,
        -0.903
      ],
      [
        0.796,
        0.415,
        0.693,
        0.296,
        0.033,
        -0.496,
        0.447,
        0.124,
        -0.362,
        0.326,
        0.3,
        -0.415,
        -0.458,
        -0.152,
        -0.43,
        0.767,
        -0.223,
        -0.549,
        1.0,
        -0.197,
        0.738,
        0.036,
        -0.359,
        0.68,
        -0.288,
        -0.338,
        0.278,
        0.318,
        0.181,
        0.341
      ],
      [
        -0.369,
        -0.21,
        -0.376,
        0.237,
        0.888,
        0.161,
        -0.235,
        0.038,
        -0.583,
        -0.776,
        -0.09,
        -0.405,
        0.169,
        -0.636,
        -0.463,
        -0.177,
        -0.116,
        0.452,
        -0.197,
        1.0,
        -0.455,
        -0.561,
        -0.002,
        -0.02,
        -0.102,
        -0.182,
        0.018,
        0.065,
        0.124,
        -0.623
      ],
      [
        0.39,
        -0.003,
        0.867,
        0.364,
        -0.177,
        -0.083,
        0.661,
        0.626,
        0.069,
        0.595,
        0.671,
        0.0,
        -0.271,
        0.163,
        -0.013,
        0.326,
        0.305,
        -0.269,
        0.738,
        -0.455,
        1.0,
        0.568,
        0.19,
        0.228,
        -0.629,
        0.353,
        0.634,
        0.627,
        0.642,
        0.193
      ],
      [
        -0.14,
        -0.463,
        0.346,
        0.061,
        -0.394,
        0.0,
        0.549,
        0.622,
        0.761,
        0.7,
        0.28,
        0.726,
        -0.188,
        0.714,
        0.736,
        -0.27,
        0.369,
        -0.154,
        0.036,
        -0.561,
        0.568,
        1.0,
        0.367,
        -0.033,
        -0.534,
        0.745,
        0.594,
        0.513,
        0.424,
        0.268
      ],
      [
        -0.593,
        -0.597,
        0.334,
        0.53,
        0.038,
        0.87,
        -0.021,
        0.447,
        0.174,
        -0.085,
        0.744,
        0.359,
        0.715,
        0.074,
        0.295,
        -0.341,
        0.976,
        0.761,
        -0.359,
        -0.002,
        0.19,
        0.367,
        1.0,
        -0.763,
        -0.541,
        0.838,
        0.269,
        0.226,
        0.56,
        -0.617
      ],
      [
        0.625,
        0.31,
        0.039,
        0.017,
        0.1,
        -0.912,
        0.426,
        -0.101,
        -0.23,
        0.172,
        -0.368,
        -0.327,
        -0.713,
        -0.081,
        -0.302,
        0.481,
        -0.74,
        -0.755,
        0.68,
        -0.02,
        0.228,
        -0.033,
        -0.763,
        1.0,
        -0.012,
        -0.577,
        0.165,
        0.197,
        -0.211,
        0.471
      ],
      [
        0.247,
        0.632,
        -0.51,
        -0.737,
        -0.339,
        -0.26,
        -0.703,
        -0.787,
        0.049,
        -0.077,
        -0.692,
        -0.077,
        -0.104,
        0.126,
        0.0,
        0.128,
        -0.552,
        -0.275,
        -0.288,
        -0.102,
        -0.629,
        -0.534,
        -0.541,
        -0.012,
        1.0,
        -0.629,
        -0.857,
        -0.85,
        -0.747,
        0.357
      ],
      [
        -0.629,
        -0.716,
        0.261,
        0.294,
        -0.085,
        0.597,
        0.319,
        0.744,
        0.527,
        0.242,
        0.572,
        0.594,
        0.327,
        0.385,
        0.563,
        -0.586,
        0.789,
        0.485,
        -0.338,
        -0.182,
        0.353,
        0.745,
        0.838,
        -0.577,
        -0.629,
        1.0,
        0.578,
        0.511,
        0.694,
        -0.351
      ],
      [
        -0.287,
        -0.638,
        0.29,
        0.467,
        0.32,
        -0.034,
        0.894,
        0.899,
        0.136,
        0.152,
        0.408,
        0.119,
        -0.159,
        0.033,
        0.07,
        -0.339,
        0.263,
        0.098,
        0.278,
        0.018,
        0.634,
        0.594,
        0.269,
        0.165,
        -0.857,
        0.578,
        1.0,
        0.994,
        0.773,
        -0.229
      ],
      [
        -0.259,
        -0.603,
        0.284,
        0.486,
        0.368,
        -0.051,
        0.902,
        0.878,
        0.045,
        0.099,
        0.405,
        0.024,
        -0.163,
        -0.059,
        -0.027,
        -0.307,
        0.226,
        0.098,
        0.318,
        0.065,
        0.627,
        0.513,
        0.226,
        0.197,
        -0.85,
        0.511,
        0.994,
        1.0,
        0.765,
        -0.249
      ],
      [
        -0.315,
        -0.435,
        0.5,
        0.446,
        0.276,
        0.367,
        0.516,
        0.934,
        -0.031,
        0.121,
        0.728,
        -0.027,
        0.024,
        -0.089,
        -0.06,
        -0.304,
        0.532,
        0.319,
        0.181,
        0.124,
        0.642,
        0.424,
        0.56,
        -0.211,
        -0.747,
        0.694,
        0.773,
        0.765,
        1.0,
        -0.44
      ],
      [
        0.702,
        0.598,
        0.128,
        -0.641,
        -0.694,
        -0.597,
        0.078,
        -0.263,
        0.342,
        0.782,
        -0.379,
        0.137,
        -0.732,
        0.434,
        0.237,
        0.367,
        -0.536,
        -0.903,
        0.341,
        -0.623,
        0.193,
        0.268,
        -0.617,
        0.471,
        0.357,
        -0.351,
        -0.229,
        -0.249,
        -0.44,
        1.0
      ]
    ],
    "note": "Cosine-Aehnlichkeit der 30 groessten Genres (Berechnung ueber alle 115)."
  },
  "most_similar_pairs": [
    {
      "a": "singer-songwriter",
      "b": "songwriter",
      "similarity": 1.0
    },
    {
      "a": "latino",
      "b": "reggaeton",
      "similarity": 0.9991
    },
    {
      "a": "acoustic",
      "b": "singer-songwriter",
      "similarity": 0.9945
    },
    {
      "a": "acoustic",
      "b": "songwriter",
      "similarity": 0.9945
    },
    {
      "a": "reggae",
      "b": "reggaeton",
      "similarity": 0.9943
    },
    {
      "a": "latino",
      "b": "reggae",
      "similarity": 0.9936
    },
    {
      "a": "latin",
      "b": "latino",
      "similarity": 0.9908
    },
    {
      "a": "latin",
      "b": "reggaeton",
      "similarity": 0.9907
    },
    {
      "a": "latin",
      "b": "reggae",
      "similarity": 0.9893
    },
    {
      "a": "punk",
      "b": "punk-rock",
      "similarity": 0.9883
    },
    {
      "a": "pagode",
      "b": "sertanejo",
      "similarity": 0.9878
    },
    {
      "a": "edm",
      "b": "house",
      "similarity": 0.9868
    },
    {
      "a": "classical",
      "b": "disney",
      "similarity": 0.9837
    },
    {
      "a": "grunge",
      "b": "metal",
      "similarity": 0.982
    },
    {
      "a": "ambient",
      "b": "new-age",
      "similarity": 0.9815
    },
    {
      "a": "ambient",
      "b": "piano",
      "similarity": 0.9807
    },
    {
      "a": "happy",
      "b": "hardstyle",
      "similarity": 0.9783
    },
    {
      "a": "indie",
      "b": "indie-pop",
      "similarity": 0.9762
    },
    {
      "a": "j-rock",
      "b": "punk-rock",
      "similarity": 0.9757
    },
    {
      "a": "power-pop",
      "b": "punk",
      "similarity": 0.9749
    }
  ]
}